[gd_scene load_steps=3 format=2]

[ext_resource path="res://addons/godot-openxr/scenes/MRTK_R_Hand.glb" type="PackedScene" id=1]

[sub_resource type="Animation" id=1]
resource_name = "Pinch"
length = 0.2
tracks/0/type = "transform"
tracks/0/path = NodePath("R_Hand_MRTK_Rig2/Skeleton:R_Wrist")
tracks/0/interp = 1
tracks/0/loop_wrap = true
tracks/0/imported = false
tracks/0/enabled = true
tracks/0/keys = PoolRealArray( 0, 1, 0, 0, 0, 0, 0, 0, 1, 1, 1, 1, 0.2, 1, -0.0532782, -0.00230998, -0.0524515, -0.144831, 0.213134, -0.182005, 0.948932, 1, 1, 1 )
tracks/1/type = "transform"
tracks/1/path = NodePath("R_Hand_MRTK_Rig2/Skeleton:R_Middle_1")
tracks/1/interp = 1
tracks/1/loop_wrap = true
tracks/1/imported = false
tracks/1/enabled = true
tracks/1/keys = PoolRealArray( 0, 1, 0, 0, 0, 0, 0, 0, 1, 1, 1, 1, 0.2, 1, 0, 0, 0, 0.0149631, 0.0133694, 0.0670549, 0.997548, 1, 1, 1 )
tracks/2/type = "transform"
tracks/2/path = NodePath("R_Hand_MRTK_Rig2/Skeleton:R_Middle_2")
tracks/2/interp = 1
tracks/2/loop_wrap = true
tracks/2/imported = false
tracks/2/enabled = true
tracks/2/keys = PoolRealArray( 0, 1, 0, 0, 0, 0, 0, 0, 1, 1, 1, 1, 0.2, 1, 0, 0, 0, 0.00601163, 0.00727675, 0.25319, 0.967371, 1, 1, 1 )
tracks/3/type = "transform"
tracks/3/path = NodePath("R_Hand_MRTK_Rig2/Skeleton:R_Middle_3")
tracks/3/interp = 1
tracks/3/loop_wrap = true
tracks/3/imported = false
tracks/3/enabled = true
tracks/3/keys = PoolRealArray( 0, 1, 0, 0, 0, 0, 0, 0, 1, 1, 1, 1, 0.2, 1, 0, 0, 0, -0.00951273, -0.00196563, 0.172113, 0.985029, 1, 1, 1 )
tracks/4/type = "transform"
tracks/4/path = NodePath("R_Hand_MRTK_Rig2/Skeleton:R_Middle_end")
tracks/4/interp = 1
tracks/4/loop_wrap = true
tracks/4/imported = false
tracks/4/enabled = true
tracks/4/keys = PoolRealArray( 0, 1, 0, 0, 0, 0, 0, 0, 1, 1, 1, 1, 0.2, 1, 0, 0, 0, 7.5e-09, -1.6e-09, 6.4e-09, 1, 1, 1, 1 )
tracks/5/type = "transform"
tracks/5/path = NodePath("R_Hand_MRTK_Rig2/Skeleton:R_Pointer_1")
tracks/5/interp = 1
tracks/5/loop_wrap = true
tracks/5/imported = false
tracks/5/enabled = true
tracks/5/keys = PoolRealArray( 0, 1, 0, 0, 0, 0, 0, 0, 1, 1, 1, 1, 0.2, 1, 0, 0, 0, -0.0124003, -8.46529e-05, 0.311617, 0.950127, 1, 1, 1 )
tracks/6/type = "transform"
tracks/6/path = NodePath("R_Hand_MRTK_Rig2/Skeleton:R_Pointer_2")
tracks/6/interp = 1
tracks/6/loop_wrap = true
tracks/6/imported = false
tracks/6/enabled = true
tracks/6/keys = PoolRealArray( 0, 1, 0, 0, 0, 0, 0, 0, 1, 1, 1, 1, 0.2, 1, 0, 0, 0, -0.00178289, 0.00212474, 0.256529, 0.966533, 1, 1, 1 )
tracks/7/type = "transform"
tracks/7/path = NodePath("R_Hand_MRTK_Rig2/Skeleton:R_Pointer_3")
tracks/7/interp = 1
tracks/7/loop_wrap = true
tracks/7/imported = false
tracks/7/enabled = true
tracks/7/keys = PoolRealArray( 0, 1, 0, 0, 0, 0, 0, 0, 1, 1, 1, 1, 0.2, 1, 0, 0, 0, 0.0232776, 0.0090723, 0.148382, 0.988614, 1, 1, 1 )
tracks/8/type = "transform"
tracks/8/path = NodePath("R_Hand_MRTK_Rig2/Skeleton:R_Pointer_end")
tracks/8/interp = 1
tracks/8/loop_wrap = true
tracks/8/imported = false
tracks/8/enabled = true
tracks/8/keys = PoolRealArray( 0, 1, 0, 0, 0, 0, 0, 0, 1, 1, 1, 1, 0.2, 1, 0, 0, 0, -0.250123, -0.0185448, 0.492659, 0.833296, 1, 1, 1 )
tracks/9/type = "transform"
tracks/9/path = NodePath("R_Hand_MRTK_Rig2/Skeleton:R_Ring_1")
tracks/9/interp = 1
tracks/9/loop_wrap = true
tracks/9/imported = false
tracks/9/enabled = true
tracks/9/keys = PoolRealArray( 0, 1, 0, 0, 0, 0, 0, 0, 1, 1, 1, 1, 0.2, 1, 0, 0, 0, 0.00549478, 0.00371344, 0.0782597, 0.996911, 1, 1, 1 )
tracks/10/type = "transform"
tracks/10/path = NodePath("R_Hand_MRTK_Rig2/Skeleton:R_Ring_2")
tracks/10/interp = 1
tracks/10/loop_wrap = true
tracks/10/imported = false
tracks/10/enabled = true
tracks/10/keys = PoolRealArray( 0, 1, 0, 0, 0, 0, 0, 0, 1, 1, 1, 1, 0.2, 1, 0, 0, 0, -0.000651071, 0.000289742, 0.186518, 0.982451, 1, 1, 1 )
tracks/11/type = "transform"
tracks/11/path = NodePath("R_Hand_MRTK_Rig2/Skeleton:R_Ring_3")
tracks/11/interp = 1
tracks/11/loop_wrap = true
tracks/11/imported = false
tracks/11/enabled = true
tracks/11/keys = PoolRealArray( 0, 1, 0, 0, 0, 0, 0, 0, 1, 1, 1, 1, 0.2, 1, 0, 0, 0, -0.0190608, 0.000508078, 0.0896576, 0.99579, 1, 1, 1 )
tracks/12/type = "transform"
tracks/12/path = NodePath("R_Hand_MRTK_Rig2/Skeleton:R_Ring_end")
tracks/12/interp = 1
tracks/12/loop_wrap = true
tracks/12/imported = false
tracks/12/enabled = true
tracks/12/keys = PoolRealArray( 0, 1, 0, 0, 0, 0, 0, 0, 1, 1, 1, 1, 0.2, 1, 0, 0, 0, 7.5e-09, -2.6e-09, 1.5e-09, 1, 1, 1, 1 )
tracks/13/type = "transform"
tracks/13/path = NodePath("R_Hand_MRTK_Rig2/Skeleton:R_Thumb_1")
tracks/13/interp = 1
tracks/13/loop_wrap = true
tracks/13/imported = false
tracks/13/enabled = true
tracks/13/keys = PoolRealArray( 0, 1, 0, 0, 0, 0, 0, 0, 1, 1, 1, 1, 0.2, 1, 0, 0, 0, 0.115906, 0.0782464, 0.18665, 0.972422, 1, 1, 1 )
tracks/14/type = "transform"
tracks/14/path = NodePath("R_Hand_MRTK_Rig2/Skeleton:R_Thumb_2")
tracks/14/interp = 1
tracks/14/loop_wrap = true
tracks/14/imported = false
tracks/14/enabled = true
tracks/14/keys = PoolRealArray( 0, 1, 0, 0, 0, 0, 0, 0, 1, 1, 1, 1, 0.2, 1, 0, 0, 0, 0.00558744, 0.0300208, 0.0691719, 0.997137, 1, 1, 1 )
tracks/15/type = "transform"
tracks/15/path = NodePath("R_Hand_MRTK_Rig2/Skeleton:R_Thumb_3")
tracks/15/interp = 1
tracks/15/loop_wrap = true
tracks/15/imported = false
tracks/15/enabled = true
tracks/15/keys = PoolRealArray( 0, 1, 0, 0, 0, 0, 0, 0, 1, 1, 1, 1, 0.2, 1, 0, 0, 0, 6.15888e-05, -0.0234389, 0.0457736, 0.998677, 1, 1, 1 )
tracks/16/type = "transform"
tracks/16/path = NodePath("R_Hand_MRTK_Rig2/Skeleton:R_Thumb_end")
tracks/16/interp = 1
tracks/16/loop_wrap = true
tracks/16/imported = false
tracks/16/enabled = true
tracks/16/keys = PoolRealArray( 0, 1, 0, 0, 0, 0, 0, 0, 1, 1, 1, 1, 0.2, 1, 0, 0, 0, 0, 0, 1.24e-08, 1, 1, 1, 1 )
tracks/17/type = "transform"
tracks/17/path = NodePath("R_Hand_MRTK_Rig2/Skeleton:R_WristPadding")
tracks/17/interp = 1
tracks/17/loop_wrap = true
tracks/17/imported = false
tracks/17/enabled = true
tracks/17/keys = PoolRealArray( 0, 1, 0, 0, 0, 0, 0, 0, 1, 1, 1, 1, 0.2, 1, 0, 0, 0, 1.49e-08, -1.49e-08, 3.7e-09, 1, 1, 1, 1 )
tracks/18/type = "transform"
tracks/18/path = NodePath("R_Hand_MRTK_Rig2/Skeleton:R_Pinky_1")
tracks/18/interp = 1
tracks/18/loop_wrap = true
tracks/18/imported = false
tracks/18/enabled = true
tracks/18/keys = PoolRealArray( 0, 1, 0, 0, 0, 0, 0, 0, 1, 1, 1, 1, 0.2, 1, 0, 0, 0, -0.0145655, -0.00963132, 0.128323, 0.991579, 1, 1, 1 )
tracks/19/type = "transform"
tracks/19/path = NodePath("R_Hand_MRTK_Rig2/Skeleton:R_Pinky_2")
tracks/19/interp = 1
tracks/19/loop_wrap = true
tracks/19/imported = false
tracks/19/enabled = true
tracks/19/keys = PoolRealArray( 0, 1, 0, 0, 0, 0, 0, 0, 1, 1, 1, 1, 0.2, 1, 0, 0, 0, 0.0273448, 0.00744145, 0.205279, 0.978293, 1, 1, 1 )
tracks/20/type = "transform"
tracks/20/path = NodePath("R_Hand_MRTK_Rig2/Skeleton:R_Pinky_3")
tracks/20/interp = 1
tracks/20/loop_wrap = true
tracks/20/imported = false
tracks/20/enabled = true
tracks/20/keys = PoolRealArray( 0, 1, 0, 0, 0, 0, 0, 0, 1, 1, 1, 1, 0.2, 1, 0, 0, 0, -0.0473766, 0.00609008, 0.0872946, 0.995037, 1, 1, 1 )
tracks/21/type = "transform"
tracks/21/path = NodePath("R_Hand_MRTK_Rig2/Skeleton:R_Pinky_end")
tracks/21/interp = 1
tracks/21/loop_wrap = true
tracks/21/imported = false
tracks/21/enabled = true
tracks/21/keys = PoolRealArray( 0, 1, 0, 0, 0, 0, 0, 0, 1, 1, 1, 1, 0.2, 1, 0, 0, 0, 1.49e-08, 0, -2.8e-09, 1, 1, 1, 1 )

[node name="MRTK_R_Hand" instance=ExtResource( 1 )]

[node name="R_Hand_MRTK_Rig2" parent="." index="0"]
transform = Transform( -1, 0, -8.74228e-08, 0, 1, 0, 8.74228e-08, 0, -1, 0.0042479, -0.00781748, 0.00955884 )

[node name="Physical Bone R_Wrist" type="Spatial" parent="R_Hand_MRTK_Rig2/Skeleton" index="1"]
transform = Transform( -0.258444, -0.258267, 0.930862, -0.804536, 0.590924, -0.0594188, -0.534723, -0.764269, -0.360506, -0.105051, -0.113693, -0.0751548 )

[node name="Physical Bone R_Middle_1" type="Spatial" parent="R_Hand_MRTK_Rig2/Skeleton" index="2"]
transform = Transform( -0.144412, -0.012869, 0.989431, -0.0945813, 0.995513, -0.00085628, -0.984987, -0.0937055, -0.144981, -0.0547655, -0.0411721, -0.0368265 )

[node name="Physical Bone R_Middle_2" type="Spatial" parent="R_Hand_MRTK_Rig2/Skeleton" index="3"]
transform = Transform( -0.0876138, 0.139812, 0.98629, 0.818957, 0.573788, -0.00858788, -0.567122, 0.806982, -0.164772, -0.0409154, -0.0370121, 0.00461427 )

[node name="Physical Bone R_Middle_3" type="Spatial" parent="R_Hand_MRTK_Rig2/Skeleton" index="4"]
transform = Transform( -0.0650275, -0.0182924, 0.997716, 0.983924, 0.165477, 0.0671625, -0.166328, 0.986044, 0.00723768, -0.0356669, -0.0604162, 0.0178907 )

[node name="Physical Bone R_Pointer_1" type="Spatial" parent="R_Hand_MRTK_Rig2/Skeleton" index="5"]
transform = Transform( -0.274134, -0.0322168, 0.961151, -0.77476, 0.599491, -0.200878, -0.56973, -0.799732, -0.189301, -0.0301167, -0.0412175, -0.0403813 )

[node name="Physical Bone R_Pointer_2" type="Spatial" parent="R_Hand_MRTK_Rig2/Skeleton" index="6"]
transform = Transform( -0.236274, 0.217559, 0.947017, -0.600493, 0.733534, -0.318335, -0.763926, -0.643892, -0.042671, -0.0130004, -0.0117737, -0.0218442 )

[node name="Physical Bone R_Pointer_3" type="Spatial" parent="R_Hand_MRTK_Rig2/Skeleton" index="7"]
transform = Transform( -0.166869, 0.0433053, 0.985026, -0.53783, 0.833319, -0.127747, -0.826374, -0.551094, -0.115764, -0.00509956, 0.000164472, -0.00269805 )

[node name="Physical Bone R_Ring_1" type="Spatial" parent="R_Hand_MRTK_Rig2/Skeleton" index="8"]
transform = Transform( -0.13965, -0.0943022, 0.9857, 0.0745175, 0.991628, 0.105427, -0.987393, 0.0881745, -0.131453, -0.0713795, -0.0500552, -0.0311282 )

[node name="Physical Bone R_Ring_2" type="Spatial" parent="R_Hand_MRTK_Rig2/Skeleton" index="9"]
transform = Transform( -0.219912, 0.0845057, 0.971852, 0.971887, 0.10487, 0.210801, -0.0841038, 0.990889, -0.105192, -0.0596278, -0.0537064, 0.0062106 )

[node name="Physical Bone R_Ring_3" type="Spatial" parent="R_Hand_MRTK_Rig2/Skeleton" index="10"]
transform = Transform( -0.177063, 0.0404023, 0.983369, 0.897326, -0.40381, 0.178161, 0.404293, 0.91395, 0.0352455, -0.0510735, -0.0785808, 0.00668228 )

[node name="Physical Bone R_Thumb_1" type="Spatial" parent="R_Hand_MRTK_Rig2/Skeleton" index="11"]
transform = Transform( -0.814294, 0.56884, 0.115525, -0.307991, -0.254727, -0.916655, -0.492001, -0.782007, 0.38262, -0.0220578, -0.0856912, -0.0748595 )

[node name="Physical Bone R_Thumb_2" type="Spatial" parent="R_Hand_MRTK_Rig2/Skeleton" index="12"]
transform = Transform( -0.614903, 0.776342, 0.138519, -0.396575, -0.152592, -0.905231, -0.681632, -0.611563, 0.401707, 0.00395492, -0.0752837, -0.0594304 )

[node name="Physical Bone R_Thumb_3" type="Spatial" parent="R_Hand_MRTK_Rig2/Skeleton" index="13"]
transform = Transform( -0.743089, 0.664111, 0.0823166, -0.290442, -0.209246, -0.933734, -0.602878, -0.717756, 0.348374, 0.0262683, -0.0680281, -0.033022 )

[node name="Physical Bone R_WristPadding" type="Spatial" parent="R_Hand_MRTK_Rig2/Skeleton" index="14"]
transform = Transform( -0.0263831, -0.61972, 0.78438, -0.732709, 0.545762, 0.406549, -0.680031, -0.563995, -0.468473, -0.0885853, -0.102603, -0.048001 )

[node name="Physical Bone R_Pinky_1" type="Spatial" parent="R_Hand_MRTK_Rig2/Skeleton" index="15"]
transform = Transform( -0.194255, -0.251655, 0.948121, 0.0576056, 0.961936, 0.267125, -0.979257, 0.106508, -0.172364, -0.0842672, -0.0640418, -0.0249613 )

[node name="Physical Bone R_Pinky_2" type="Spatial" parent="R_Hand_MRTK_Rig2/Skeleton" index="16"]
transform = Transform( -0.344372, -0.0312721, 0.938315, 0.895801, 0.288173, 0.338375, -0.280978, 0.957068, -0.0712252, -0.0739695, -0.0654649, 0.00376985 )

[node name="Physical Bone R_Pinky_3" type="Spatial" parent="R_Hand_MRTK_Rig2/Skeleton" index="17"]
transform = Transform( -0.508969, -0.0306949, 0.860239, 0.806605, -0.365962, 0.464179, 0.300566, 0.930124, 0.211022, -0.064892, -0.0850201, 0.00711723 )

[node name="AnimationPlayer" type="AnimationPlayer" parent="." index="1"]
anims/Pinch = SubResource( 1 )
